6611447
3189088
6443339
5790762
2351990
5876710
5614579
5653291
2998822
6595993
6605377
2740496
306387
6540739
3498484
5981973
6215110
2878707
2846479
6537314
6613103
6622745
6518292
5775603
6211760
6308130
6449135
5042528
6460119
6092308
2798895
6013219
2774426
6599128
6594604
3305936
3511255
6216307
389877
1731533
6519648
3026678
5392112
2852937
2249631
6502621
6603305
6557574
6614720
4648456
6564964
5108529
6397722
1735756
6606873
1539163
6559054
6300751
6402020
6578950
6531189
6504463
4843932
1599515
